%YAML:1.0
description: "0"
samples:
   - !!opencv-matrix
      rows: 198
      cols: 1
      dt: d
      data: [ -2.0994903418032074e+001, -2.0124775301705522e+001,
          -1.9000427752680924e+001, -1.7698092974336440e+001,
          -1.5733664853650307e+001, -1.2493289376684611e+001,
          -8.3436623816440569e+000, -3.5630739735251775e+000,
          1.6562819374453044e+000, 6.8072334248222335e+000,
          1.1201851949535158e+001, 1.4734080425891323e+001,
          1.7302750437218648e+001, 1.8663843899773941e+001,
          1.9274738171670123e+001, 1.9613530143253097e+001,
          1.9637108936142905e+001, -1.8038794833194903e+001,
          -1.5627472492563017e+001, -1.2487087977648136e+001,
          -9.1550362166653692e+000, -5.8618942890055719e+000,
          3.2302064941327160e+000, 6.2560220402183484e+000,
          9.4267175315955924e+000, 1.2568419759835487e+001,
          1.5233241387779453e+001, -6.2074675544632640e-001,
          -3.7535156198250452e-001, -1.4050971714306743e-001,
          9.5128579523008724e-002, -3.6578365249645208e+000,
          -1.6617737172664522e+000, 4.5956545483635408e-001,
          2.4647801966016556e+000, 4.2709487688987355e+000,
          -1.3324984232110150e+001, -1.1243284047990036e+001,
          -8.7668698296422338e+000, -6.5041216947094780e+000,
          -8.7676810474851603e+000, -1.1069921607895465e+001,
          4.9100122477124897e+000, 6.9949616938475927e+000,
          9.4319843197337043e+000, 1.1611623347859556e+001,
          9.4212431014971187e+000, 7.1443530056716931e+000,
          -8.3144089559816994e+000, -5.6677985446445014e+000,
          -2.5722279641525287e+000, 5.6558008656091041e-001,
          3.6260912044246343e+000, 6.7358578200187109e+000,
          9.4747197350799190e+000, 7.2304203947933905e+000,
          4.2500997481248177e+000, 9.5563273021057837e-001,
          -2.4272208109871585e+000, -5.6308685736420596e+000,
          -3.1020809266178184e+000, 7.0147000207195775e-001,
          4.4432035850587974e+000, 4.6949571458092860e+000,
          8.1645005589515973e-001, -3.1304032606879177e+000,
          -6.0703417593973281e+000, -6.7920070537100896e-001,
          4.6729294673196433e+000, 9.8928664711955712e+000,
          1.4650851716957440e+001, 1.8557961991980999e+001,
          2.1572910542544076e+001, 2.3502975371307567e+001,
          2.3769677588060588e+001, 2.2766020944650361e+001,
          2.0050402963648320e+001, 1.6333959573342785e+001,
          1.1979969875977691e+001, 7.1601082727301701e+000,
          2.1172060918579416e+000, -3.0113698815601531e+000,
          -8.1360737636462996e+000, -1.3013689767730533e+001,
          -1.5255396760769081e+001, -1.6346734662362046e+001,
          -1.6492401868081618e+001, -1.5986170513567432e+001,
          -1.6225973463753867e+001, -1.7125317652273932e+001,
          -1.7435052824348073e+001, -1.6939735795244349e+001,
          -1.5266150386639595e+001, -1.2173080482261598e+001,
          -8.6415594834586660e+000, -5.1290316307127810e+000,
          -1.6141276577901471e+000, 1.2917858082830993e+000,
          1.9546986731737082e+000, 2.1496629078568481e+000,
          1.6858183983554293e+000, 7.6395456123040439e-001,
          -9.7591512410596710e+000, -1.1066075892966770e+001,
          -1.1310792764257062e+001, -1.0373177557717957e+001,
          -9.9129968388624015e+000, -9.6469912811099139e+000,
          -1.0974367585201168e+001, -1.2118774572232265e+001,
          -1.2215002428623416e+001, -1.1180142148602062e+001,
          -1.0787470570920895e+001, -1.0786396905607500e+001,
          7.4373533268877612e+000, 5.8181114914807184e+000,
          5.0125167030660567e+000, 5.0784976529477603e+000,
          4.6276330689123268e+000, 5.0184424270221371e+000,
          6.3276257465239594e+000, 8.5483933224938902e+000,
          9.9005058343353500e+000, 1.0332914052645769e+001,
          1.0306546647569489e+001, 9.3374182885438906e+000,
          6.8002462537469537e+000, 6.7628023789103473e+000,
          6.3263755513339799e+000, 7.4011175856627593e+000,
          7.8662784934392871e+000, 7.8963186100952969e+000,
          2.1743917938854146e+001, 2.1227809463718735e+001,
          2.0750973031590522e+001, 1.8666589234742194e+001,
          1.3602700843837997e+001, 8.0519348690208012e+000,
          3.4080073085922122e+000, -9.3174242103394844e-001,
          -4.6033484403517386e+000, -8.4372753189622363e-001,
          3.5498071324627585e+000, 8.2144367063771249e+000,
          1.3769951924396979e+001, 1.8698987462062799e+001,
          2.0808899016661993e+001, 2.1189847112118080e+001,
          2.1653726868317470e+001, 1.2065892461552698e-001,
          -1.6545579874467877e+000, -3.0754237064642438e+000,
          -4.4167290950040190e+000, -5.5509294495558619e+000,
          -5.6151304776351099e+000, -4.3729701616106924e+000,
          -2.9719629656537725e+000, -1.4937045647875828e+000,
          3.0068697746004380e-001, -4.8734148705771991e+000,
          -7.9041544489834017e+000, -1.0959420190843371e+001,
          -1.3721254517520205e+001, -6.7082458699989393e+000,
          -7.5015220312178315e+000, -8.1976721678612492e+000,
          -7.4403440023599972e+000, -6.6223477985349444e+000,
          -7.8671823095236859e-001, -1.1512099457483820e+000,
          -1.3865407327967885e+000, -1.1558227677413788e+000,
          -1.0626269606096552e+000, -1.0443406088142388e+000,
          -1.1690883639522511e+000, -1.3274867594511719e+000,
          -1.0429907020873348e+000, -6.1572225465687735e-001,
          -9.4134696185964883e-001, -9.9910532951176834e-001,
          -2.5792807719652613e+000, -4.7626262073439065e+000,
          -6.5191213476974932e+000, -8.2055332878100984e+000,
          -6.3487385254744551e+000, -4.5799311665019227e+000,
          -2.4660090997162656e+000, -3.7150984688526512e+000,
          -5.0359229060713897e+000, -6.5489765434471261e+000,
          -5.1580199847750672e+000, -3.8283364506065332e+000,
          -5.4544172747107362e+000, -7.5768986457359357e+000,
          -5.2757038795325242e+000, -4.4566454778813283e+000,
          -6.5052142006023663e+000, -4.6007524469576415e+000 ]
   - !!opencv-matrix
      rows: 198
      cols: 1
      dt: d
      data: [ -2.0945333225768390e+001, -2.0079051432249496e+001,
          -1.8959675798030844e+001, -1.7677375823140181e+001,
          -1.5748788257266991e+001, -1.2527746744711649e+001,
          -8.3847016792047082e+000, -3.6101993030648489e+000,
          1.6043209545628498e+000, 6.7621710533254014e+000,
          1.1115744514762328e+001, 1.4615224656851142e+001,
          1.7196166892544106e+001, 1.8616661305986273e+001,
          1.9264612352684686e+001, 1.9613988514138761e+001,
          1.9633134104220705e+001, -1.7968624819016242e+001,
          -1.5530706109178940e+001, -1.2390538668242504e+001,
          -9.0660609656715430e+000, -5.7809438824432497e+000,
          3.1515606862196748e+000, 6.1494501940778150e+000,
          9.2971081219703784e+000, 1.2419330146123595e+001,
          1.5084594529285678e+001, -5.9980770416386164e-001,
          -3.8201765782312841e-001, -1.7562215339067966e-001,
          3.3811737454278158e-002, -3.5992142381755139e+000,
          -1.6301473992644633e+000, 4.5975599543908352e-001,
          2.4271295784757232e+000, 4.2000028401034637e+000,
          -1.3297548250173701e+001, -1.1191013943545402e+001,
          -8.6967432892685590e+000, -6.4275818703657706e+000,
          -8.7150731611846144e+000, -1.1034419948456224e+001,
          4.8552303563456043e+000, 6.9331523742107768e+000,
          9.3727591967607857e+000, 1.1558369478158918e+001,
          9.3708662111713181e+000, 7.0902864081203463e+000,
          -8.2873523157411277e+000, -5.5591589333282299e+000,
          -2.4775141491281341e+000, 6.0013845467618476e-001,
          3.6013407572338050e+000, 6.6852286861168659e+000,
          9.4759477674627242e+000, 7.2845761554310187e+000,
          4.3181765603719944e+000, 1.0144214017860458e+000,
