%YAML:1.0
description: "1"
samples:
   - !!opencv-matrix
      rows: 198
      cols: 1
      dt: d
      data: [ -2.0570939702709261e+001, -1.9707746094538059e+001,
          -1.8561129034576631e+001, -1.7265811662338045e+001,
          -1.5397017973591065e+001, -1.2304249155107524e+001,
          -8.2626216689448597e+000, -3.5743488984608671e+000,
          1.5928654042477826e+000, 6.7188613624088687e+000,
          1.0999634110403589e+001, 1.4418296303422174e+001,
          1.6869784447940489e+001, 1.8212213920584094e+001,
          1.8865915516002463e+001, 1.9237829422331551e+001,
          1.9249817864010133e+001, -1.7658455368721782e+001,
          -1.5188829888202454e+001, -1.2079225189606918e+001,
          -8.8312775041922009e+000, -5.6315542965737366e+000,
          3.0934815142525207e+000, 5.9744814109077682e+000,
          9.0072991447001698e+000, 1.2058616825689754e+001,
          1.4740051697438233e+001, -5.9660560214093705e-001,
          -3.8250825086896917e-001, -1.7800003912920787e-001,
          2.7092359942168305e-002, -3.2775681302737278e+000,
          -1.4717632014622464e+000, 4.3480442871641234e-001,
          2.2338747970283745e+000, 3.8686967200493725e+000,
          -1.3293155911556394e+001, -1.1207779796953581e+001,
          -8.6389745912080116e+000, -6.4125740858165772e+000,
          -8.6899910835275129e+000, -1.1056216963551661e+001,
          4.8604087989880549e+000, 6.8662477843585350e+000,
          9.3846524004569094e+000, 1.1578559432837134e+001,
          9.4460238266060301e+000, 7.1142389885863269e+000,
          -6.9913160375418686e+000, -4.8010763770083180e+000,
          -2.2079530263689224e+000, 5.8726710502390556e-001,
          3.3186730983321624e+000, 5.9772651724819061e+000,
          8.2698728498942149e+000, 6.2903908164264708e+000,
          3.7408249015584492e+000, 9.6001040692313266e-001,
          -1.8924498780206995e+000, -4.6307350694594041e+000,
          -2.3611343684932398e+000, 7.3837514632561452e-001,
          3.8053799619266924e+000, 3.8724829698086896e+000,
          8.0956871443338918e-001, -2.2960119893450890e+000,
          -5.8565956664668866e+000, -4.6928713663655569e-001,
          4.8755351728735414e+000, 1.0015392590543064e+001,
          1.4605109474170620e+001, 1.8367794682340431e+001,
          2.1260410184809722e+001, 2.3102179229485095e+001,
          2.3233763760446610e+001, 2.2300421106496490e+001,
          1.9599184260309411e+001, 1.5969370434657865e+001,
          1.1763619999169876e+001, 7.1516275994970542e+000,
          2.2421097821978861e+000, -2.8272151385641235e+000,
          -7.8951731719589571e+000, -1.3717403995800526e+001,
          -1.5819765226314837e+001, -1.6791802555189705e+001,
          -1.6902355049130872e+001, -1.6411548206896452e+001,
          -1.6627510080029818e+001, -1.7485927917800016e+001,
          -1.7819670100398600e+001, -1.7471270166219437e+001,
          -1.5993876155898473e+001, -1.2597595348018615e+001,
          -9.1660085840339587e+000, -5.7653687732437540e+000,
          -2.3636048291748790e+000, 1.2597699378233200e+000,
          1.7483682330977530e+000, 1.8552466376273498e+000,
          1.5226331781869502e+000, 8.1215339854804258e-001,
          -1.0345154464929813e+001, -1.1800366290796166e+001,
          -1.2009662597399197e+001, -1.0818054963820723e+001,
          -1.0247305066176226e+001, -9.9889992477265466e+000,
          -1.1412880641976315e+001, -1.2789681169767473e+001,
          -1.2937156126634690e+001, -1.1742444872750742e+001,
          -1.1113642568448380e+001, -1.1104934921576168e+001,
          8.8341719577877420e+000, 7.0055998976014928e+000,
          5.7797003123640440e+000, 5.7954046234521499e+000,
          5.4496024688314177e+000, 6.3329775987310191e+000,
          7.9313645730593061e+000, 9.6107566295062217e+000,
          1.0574813117243735e+001, 1.0856905169947735e+001,
          1.0898297362976365e+001, 1.0247906999594939e+001,
          7.8521946962139708e+000, 7.6463608311523412e+000,
          7.4891670324938051e+000, 7.9147600997103416e+000,
          8.1024117607301793e+000, 8.2852982621290714e+000,
          2.1594173673196231e+001, 2.1112225709312490e+001,
          2.0654719134224273e+001, 1.8617367884980538e+001,
          1.3608203108545041e+001, 8.1091114344679927e+000,
          3.4310762897374865e+000, -9.1971715895339190e-001,
          -4.4896814414934259e+000, -7.9753891344946792e-001,
          3.5949102337767402e+000, 8.2828361547302389e+000,
          1.3763334757861671e+001, 1.8593724973235425e+001,
          2.0663780196265812e+001, 2.1007323533269144e+001,
          2.1421525960493351e+001, 7.1659389693698700e-002,
          -1.6109843700881550e+000, -3.0128451435728598e+000,
          -4.3846245593787350e+000, -5.5982054039858635e+000,
          -5.6553915550724216e+000, -4.3342245781820035e+000,
          -2.8982468787923987e+000, -1.4322655745303774e+000,
          2.5180501685424617e-001, -4.8879045061809423e+000,
          -7.8021674673870125e+000, -1.0828061651633714e+001,
          -1.3634046497156620e+001, -6.5959229443987590e+000,
          -7.4229655655060212e+000, -8.1503341037498060e+000,
          -7.3312115639761730e+000, -6.4763614028780765e+000,
          -7.7888648186564680e-001, -1.0550947887594253e+000,
          -1.2309963871640910e+000, -1.0648360816260201e+000,
          -1.0832802406452953e+000, -1.0277196139467641e+000,
          -1.0865304804465818e+000, -1.1516813872682341e+000,
          -9.2270344993663966e-001, -5.9216750964468157e-001,
          -9.1366592645605038e-001, -1.0206780345347557e+000,
          -2.7337794455322557e+000, -4.9021313271230449e+000,
          -6.6257542156671985e+000, -8.3263542499351431e+000,
          -6.4221052184698229e+000, -4.6940722983785728e+000,
          -2.6115167070455976e+000, -3.8390082936310406e+000,
          -5.0729140212831316e+000, -6.4978427138178843e+000,
          -5.2250957621303069e+000, -3.9717813937028668e+000,
          -5.3955968496212119e+000, -7.4814478235622035e+000,
          -5.1721097017556099e+000, -4.4781153715387205e+000,
          -6.4717971729361556e+000, -4.6653061367087032e+000 ]
   - !!opencv-matrix
      rows: 198
      cols: 1
      dt: d
      data: [ -2.0996320064407353e+001, -2.0180849216313931e+001,
          -1.9016708395925235e+001, -1.7532100698731128e+001,
          -1.5408014623972866e+001, -1.2213623819093735e+001,
          -8.1490526054485368e+000, -3.4157221690915724e+000,
          1.8935052315174359e+000, 7.1266407961087319e+000,
          1.1446550352410449e+001, 1.4822568254172662e+001,
          1.7182764202126162e+001, 1.8494284422689336e+001,
          1.9153369735839178e+001, 1.9463206204447200e+001,
          1.9396171991398301e+001, -1.7494553043518241e+001,
          -1.4875494743886684e+001, -1.1613896727364024e+001,
          -8.2814377467047979e+000, -5.0597681825201155e+000,
          2.9659966273922431e+000, 5.9292936316558045e+000,
          9.0642314402334492e+000, 1.2230099999657991e+001,
          1.4933058022369444e+001, -6.7927355591923433e-001,
          -4.3850222051048698e-001, -2.0586000875503177e-001,
          2.4940534253307362e-002, -3.0787044804754125e+000,
          -1.4267787071432536e+000, 3.4826890494183710e-001,
          2.0389527244813679e+000, 3.5239703963009879e+000,
          -1.3277953951161004e+001, -1.1209820434933123e+001,
          -8.6438950829355754e+000, -6.4552930727075628e+000,
          -8.6911279004249700e+000, -1.1066580976923559e+001,
          4.7051864834015902e+000, 6.7081129000836413e+000,
          9.2439011296469236e+000, 1.1413712635437918e+001,
          9.2953120456574343e+000, 6.9481931600641218e+000,
          -5.4143583291244051e+000, -3.7923009786536532e+000,
          -1.7963530573611957e+000, 4.5928213757942637e-001,
          2.6781085025121838e+000, 4.7749136225157160e+000,
          6.5324817646971649e+000, 5.0256289206528084e+000,
          3.0533923239162930e+000, 8.0937692278388873e-001,
